182
206
214
138
146
172
186
238
253
254
251
249
247
195
167
191
239
254
253
249
250
252
251
253
254
254
254
254
254
237
147
125
124
123
121
121
120
119
120
119
120
120
120
119
118
118
117
117
118
116
118
117
117
118
118
118
117
118
117
115
117
117
117
117
118
118
118
118
118
117
117
119
115
117
117
117
117
117
118
117
117
118
118
118
118
118
117
118
119
118
119
117
118
120
120
120
150
143
123
138
147
142
137
137
133
143
126
119
137
137
135
134
141
134
131
122
122
128
111
100
82
97
99
99
109
113
108
108
114
116
115
116
120
122
117
119
125
122
103
88
93
102
102
93
108
128
115
97
97
98
100
107
101
102
104
89
93
112
113
115
117
119
122
123
131
142
140
133
128
130
143
141
138
131
130
133
123
122
113
112
95
108
110
116
118
138
132
116
114
115
103
106
115
118
114
108
110
117
124
121
124
126
129
114
106
116
112
117
117
107
104
96
108
114
110
109
120
134
126
129
129
133
139
137
148
144
129
124
84
106
117
118
108
112
125
127
129
130
95
91
109
111
99
93
111
140
142
148
124
101
134
149
134
146
151
154
145
102
89
98
94
102
95
92
86
84
81
85
90
74
87
76
85
97
92
88
70
79
83
81
89
87
88
95
96
78
41
39
59
84
67
42
29
35
45
51
31
16
19
27
25
23
22
23
33
61
37
23
25
37
58
73
59
45
52
50
44
60
74
51
68
63
89
134
148
125
138
140
88
96
106
120
121
92
44
37
38
62
93
96
105
111
128
130
112
50
34
52
64
59
56
80
103
109
122
116
121
127
134
146
138
123
130
141
141
126
123
124
135
127
130
133
127
126
123
135
141
145
142
128
127
141
130
122
123
120
113
112
115
119
121
106
86
70
104
116
76
53
89
115
97
109
115
111
87
77
89
114
117
111
103
92
96
101
100
81
76
104
109
115
104
114
113
111
107
105
79
60
62
86
65
33
24
19
30
41
49
54
43
30
29
35
30
30
32
29
28
27
30
40
68
58
56
82
116
131
121
111
117
125
127
99
94
88
91
82
50
36
52
71
91
115
117
98
107
121
122
132
137
137
134
130
129
141
150
151
148
150
153
152
154
153
156
159
153
150
147
142
141
144
146
147
152
155
158
159
164
168
160
147
147
142
